3	1	1	1	0		290	0	0	-0.000226	0.000567624	0.000567624	0	0	0	318.237	-1.13542e-05	-1.13542e-05	0	0	0	12.2486	0.58612	1.86407	9.79839		
3	1	1	2	0.005		290	0	0	7.59e-05	0.000421511	0.000421511	0	0	0	321.623	-1.08645e-05	-1.08645e-05	0	0	0	12.3452	0.605091	1.88543	9.85464		
3	1	1	3	0.01		290	0	0	0.000375	0.000276571	0.000276571	0	0	0	324.85	-1.08641e-05	-1.08641e-05	0	0	0	12.4418	0.623452	1.90678	9.91161		
3	1	1	4	0.015		290	0	0	0.000686	0.000125683	0.000125683	0	0	0	328.078	-1.08637e-05	-1.08637e-05	0	0	0	12.5434	0.64208	1.92918	9.97212		
3	1	1	5	0.02		290	0	0	0.0009773	-1.5815e-05	-1.5815e-05	0	0	0	330.984	-1.08634e-05	-1.08634e-05	0	0	0	12.6394	0.659069	1.95033	10.03		
3	1	1	6	0.025		290	0	0	0.001287	-0.000166415	-0.000166415	0	0	0	333.96	-1.08631e-05	-1.08631e-05	0	0	0	12.7423	0.676661	1.97301	10.0927		
3	1	1	7	0.03		290	0	0	0.001587	-0.000312457	-0.000312457	0	0	0	336.73	-1.08628e-05	-1.08628e-05	0	0	0	12.8429	0.693216	1.99517	10.1546		
3	1	1	8	0.035		290	0	0	0.00189	-0.00046011	-0.00046011	0	0	0	339.423	-1.08626e-05	-1.08626e-05	0	0	0	12.9454	0.709458	2.01773	10.2182		
3	1	1	9	0.04		290	0	0	0.002188	-0.000605469	-0.000605469	0	0	0	341.971	-1.08624e-05	-1.08624e-05	0	0	0	13.0469	0.724957	2.0401	10.2819		
3	1	1	10	0.045		290	0	0	0.002487	-0.000751453	-0.000751453	0	0	0	344.433	-1.08622e-05	-1.08622e-05	0	0	0	13.1495	0.740038	2.06271	10.3468		
3	1	1	11	0.05		290	0	0	0.002791	-0.000900011	-0.000900011	0	0	0	346.842	-1.0862e-05	-1.0862e-05	0	0	0	13.2546	0.754896	2.08588	10.4138		
3	1	1	12	0.055		290	0	0	0.003092	-0.00104723	-0.00104723	0	0	0	349.138	-1.08619e-05	-1.08619e-05	0	0	0	13.3593	0.769134	2.109	10.4812		
3	1	1	13	0.06		290	0	0	0.003389	-0.00119261	-0.00119261	0	0	0	351.32	-1.08618e-05	-1.08618e-05	0	0	0	13.4634	0.782726	2.13198	10.5486		
3	1	1	14	0.065		290	0	0	0.003702	-0.00134595	-0.00134595	0	0	0	353.534	-1.08616e-05	-1.08616e-05	0	0	0	13.5737	0.796579	2.15638	10.6207		
3	1	1	15	0.07		290	0	0	0.004009	-0.00149647	-0.00149647	0	0	0	355.623	-1.08615e-05	-1.08615e-05	0	0	0	13.6825	0.809692	2.1805	10.6923		
3	1	1	16	0.075		290	0	0	0.004306	-0.00164219	-0.00164219	0	0	0	357.57	-1.15298e-05	-1.15298e-05	0	0	0	13.7884	0.821939	2.20399	10.7625		
3	1	1	17	0.08		290	0	0	0.004593	-0.00178309	-0.00178309	0	0	0	359.384	-1.20824e-05	-1.20824e-05	0	0	0	13.8913	0.833372	2.22685	10.8311		
3	1	1	18	0.085		290	0	0	0.004904	-0.00193588	-0.00193588	0	0	0	361.281	-1.27269e-05	-1.27269e-05	0	0	0	14.0034	0.845342	2.2518	10.9062		
3	1	1	19	0.09		290	0	0	0.005205	-0.00208386	-0.00208386	0	0	0	363.051	-1.32594e-05	-1.32594e-05	0	0	0	14.1124	0.856506	2.27611	10.9798		
3	1	1	20	0.095		290	0	0	0.005506	-0.00223192	-0.00223192	0	0	0	364.757	-1.37456e-05	-1.37457e-05	0	0	0	14.2219	0.867272	2.30058	11.0541		
3	1	1	21	0.1		290	0	0	0.005804	-0.00237859	-0.00237859	0	0	0	366.388	-1.41763e-05	-1.41763e-05	0	0	0	14.3309	0.877549	2.32497	11.1283		
3	1	1	22	0.105		290	0	0	0.006106	-0.00252731	-0.00252731	0	0	0	367.984	-1.45854e-05	-1.45854e-05	0	0	0	14.4418	0.887589	2.34985	11.2043		
3	1	1	23	0.11		290	0	0	0.006405	-0.00267463	-0.00267463	0	0	0	369.509	-1.49472e-05	-1.49472e-05	0	0	0	14.552	0.897168	2.37465	11.2802		
3	1	1	24	0.115		290	0	0	0.006708	-0.002824	-0.002824	0	0	0	371.003	-1.52905e-05	-1.52905e-05	0	0	0	14.6642	0.906522	2.39993	11.3577		
3	1	1	25	0.12		290	0	0	0.007008	-0.00297195	-0.00297195	0	0	0	372.432	-1.55938e-05	-1.55938e-05	0	0	0	14.7757	0.915442	2.42513	11.4351		
3	1	1	26	0.125		290	0	0	0.00731	-0.00312097	-0.00312097	0	0	0	373.823	-1.58756e-05	-1.58756e-05	0	0	0	14.8884	0.924092	2.45065	11.5137		
3	1	1	27	0.13		290	0	0	0.00761	-0.00326906	-0.00326906	0	0	0	375.159	-1.61268e-05	-1.61268e-05	0	0	0	15.0007	0.932367	2.47616	11.5922		
3	1	1	28	0.135		290	0	0	0.007912	-0.0034182	-0.0034182	0	0	0	376.462	-1.63601e-05	-1.63601e-05	0	0	0	15.1142	0.94039	2.502	11.6719		
3	1	1	29	0.14		290	0	0	0.008214	-0.0035674	-0.0035674	0	0	0	377.723	-1.65721e-05	-1.65721e-05	0	0	0	15.2281	0.948116	2.52799	11.752		
3	1	1	30	0.145		290	0	0	0.008517	-0.00371715	-0.00371715	0	0	0	378.948	-1.67667e-05	-1.67667e-05	0	0	0	15.3428	0.955581	2.55422	11.833		
3	1	1	31	0.15		290	0	0	0.00881	-0.00386201	-0.00386201	0	0	0	380.096	-1.69265e-05	-1.69265e-05	0	0	0	15.454	0.962533	2.57974	11.9117		
3	1	1	32	0.155		290	0	0	0.00912	-0.00401532	-0.00401532	0	0	0	381.275	-1.70988e-05	-1.70988e-05	0	0	0	15.572	0.969622	2.60689	11.9955		
3	1	1	33	0.16		290	0	0	0.009419	-0.00416325	-0.00416325	0	0	0	382.377	-1.72389e-05	-1.72389e-05	0	0	0	15.6861	0.976203	2.63324	12.0767		
3	1	1	34	0.165		290	0	0	0.009717	-0.00431072	-0.00431072	0	0	0	383.444	-1.73649e-05	-1.73649e-05	0	0	0	15.8002	0.982524	2.65964	12.1581		
3	1	1	35	0.17		290	0	0	0.01002	-0.00446072	-0.00446072	0	0	0	384.498	-1.74851e-05	-1.74851e-05	0	0	0	15.9166	0.988719	2.68664	12.2412		
3	1	1	36	0.175		290	0	0	0.01032	-0.00460927	-0.00460927	0	0	0	385.511	-1.7591e-05	-1.7591e-05	0	0	0	16.0321	0.994629	2.71352	12.3239		
3	1	1	37	0.18		290	0	0	0.01062	-0.00475786	-0.00475786	0	0	0	386.497	-1.76871e-05	-1.76871e-05	0	0	0	16.1479	1.00033	2.74055	12.407		
3	1	1	38	0.185		290	0	0	0.01092	-0.00490649	-0.00490649	0	0	0	387.457	-1.77743e-05	-1.77743e-05	0	0	0	16.264	1.00582	2.76772	12.4904		
3	1	1	39	0.19		290	0	0	0.01122	-0.00505516	-0.00505516	0	0	0	388.391	-1.78534e-05	-1.78534e-05	0	0	0	16.3804	1.01112	2.79504	12.5742		
3	1	1	40	0.195		290	0	0	0.01153	-0.00520881	-0.00520881	0	0	0	389.331	-1.79325e-05	-1.79325e-05	0	0	0	16.5009	1.0164	2.82343	12.6611		
3	1	1	41	0.2		290	0	0	0.01182	-0.00535259	-0.00535259	0	0	0	390.188	-1.79912e-05	-1.79912e-05	0	0	0	16.6139	1.02117	2.85012	12.7426		
3	1	1	42	0.205		290	0	0	0.01213	-0.00550631	-0.00550631	0	0	0	391.082	-1.80562e-05	-1.80562e-05	0	0	0	16.735	1.02609	2.87881	12.8301		
3	1	1	43	0.21		290	0	0	0.01243	-0.00565511	-0.00565511	0	0	0	391.925	-1.81095e-05	-1.81095e-05	0	0	0	16.8525	1.03068	2.90671	12.9151		
3	1	1	44	0.215		290	0	0	0.01273	-0.00580393	-0.00580393	0	0	0	392.749	-1.81578e-05	-1.81578e-05	0	0	0	16.9702	1.03512	2.93476	13.0003		
3	1	1	45	0.22		290	0	0	0.01303	-0.00595278	-0.00595278	0	0	0	393.554	-1.82016e-05	-1.82016e-05	0	0	0	17.0881	1.03941	2.96295	13.0858		
3	1	1	46	0.225		290	0	0	0.01333	-0.00610166	-0.00610166	0	0	0	394.341	-1.82413e-05	-1.82413e-05	0	0	0	17.2063	1.04356	2.99129	13.1715		
3	1	1	47	0.23		290	0	0	0.01364	-0.00625552	-0.00625552	0	0	0	395.137	-1.82809e-05	-1.82809e-05	0	0	0	17.3287	1.04771	3.02072	13.2603		
3	1	1	48	0.235		290	0	0	0.01394	-0.00640444	-0.00640444	0	0	0	395.89	-1.83134e-05	-1.83134e-05	0	0	0	17.4473	1.05159	3.04934	13.3464		
3	1	1	49	0.24		290	0	0	0.01424	-0.00655339	-0.00655339	0	0	0	396.628	-1.83428e-05	-1.83428e-05	0	0	0	17.5662	1.05534	3.07811	13.4328		
3	1	1	50	0.245		290	0	0	0.01454	-0.00670236	-0.00670236	0	0	0	397.351	-1.83694e-05	-1.83694e-05	0	0	0	17.6853	1.05898	3.10701	13.5193		
3	1	1	51	0.25		290	0	0	0.01484	-0.00685134	-0.00685134	0	0	0	398.06	-1.83936e-05	-1.83936e-05	0	0	0	17.8046	1.06251	3.13606	13.6061		
3	1	1	52	0.255		290	0	0	0.01499	-0.00692584	-0.00692584	0	0	0	398.409	-1.83963e-05	-1.83963e-05	0	0	0	17.8644	1.06422	3.15063	13.6495		
3	1	1	53	0.26		290	0	0	0.0148	-0.00686884	-0.00686884	0	0	0	371.809	-1.83963e-05	-1.83963e-05	0	0	0	17.7912	0.99105	3.15063	13.6495		
3	1	1	54	0.265		290	0	0	0.01454	-0.00679084	-0.00679084	0	0	0	335.409	-1.83963e-05	-1.83963e-05	0	0	0	17.6993	0.899112	3.15063	13.6495		
3	1	1	55	0.27		290	0	0	0.01426	-0.00670684	-0.00670684	0	0	0	296.209	-1.83963e-05	-1.83963e-05	0	0	0	17.6108	0.810685	3.15063	13.6495		
3	1	1	56	0.275		290	0	0	0.01397	-0.00661984	-0.00661984	0	0	0	255.609	-1.83963e-05	-1.83963e-05	0	0	0	17.5308	0.730672	3.15063	13.6495		
3	1	1	57	0.28		290	0	0	0.01369	-0.00653584	-0.00653584	0	0	0	216.409	-1.83963e-05	-1.83963e-05	0	0	0	17.4647	0.664589	3.15063	13.6495		
3	1	1	58	0.285		290	0	0	0.01339	-0.00644584	-0.00644584	0	0	0	174.409	-1.83963e-05	-1.83963e-05	0	0	0	17.4061	0.605967	3.15063	13.6495		
3	1	1	59	0.29		290	0	0	0.0131	-0.00635884	-0.00635884	0	0	0	133.809	-1.83963e-05	-1.83963e-05	0	0	0	17.3614	0.561275	3.15063	13.6495		
3	1	1	60	0.295		290	0	0	0.01281	-0.00627184	-0.00627184	0	0	0	93.2086	-1.83963e-05	-1.83963e-05	0	0	0	17.3285	0.528358	3.15063	13.6495		
3	1	1	61	0.3		290	0	0	0.01252	-0.00618154	-0.00618154	0	0	0	54.9227	-1.85917e-05	-1.85917e-05	0	0	0	17.307	0.500709	3.15227	13.654		
3	1	1	62	0.305		290	0	0	0.01222	-0.00607245	-0.00607245	0	0	0	26.2859	-1.85879e-05	-1.85879e-05	0	0	0	17.2948	0.453736	3.16172	13.6794		
3	1	1	63	0.31		290	0	0	0.01194	-0.00596834	-0.00596834	0	0	0	1.16018	-1.85834e-05	-1.85834e-05	0	0	0	17.291	0.416872	3.17169	13.7024		
3	1	1	64	0.315		290	0	0	0.0117	-0.00587708	-0.00587708	0	0	0	-18.9537	-1.85804e-05	-1.85804e-05	0	0	0	17.2931	0.389223	3.18126	13.7226		
3	1	1	65	0.32		290	0	0	0.01141	-0.00576428	-0.00576428	0	0	0	-41.4958	-1.85706e-05	-1.85706e-05	0	0	0	17.3019	0.359425	3.19409	13.7484		
3	1	1	66	0.325		290	0	0	0.0111	-0.00564036	-0.00564036	0	0	0	-63.2487	-1.85561e-05	-1.85561e-05	0	0	0	17.3181	0.330224	3.2095	13.7784		
3	1	1	67	0.33		290	0	0	0.01075	-0.00549631	-0.00549631	0	0	0	-84.9156	-1.85358e-05	-1.85358e-05	0	0	0	17.3441	0.2992	3.22902	13.8158		
3	1	1	68	0.335		290	0	0	0.01041	-0.00535235	-0.00535235	0	0	0	-103.145	-1.85273e-05	-1.85273e-05	0	0	0	17.376	0.270433	3.25005	13.8555		
3	1	1	69	0.34		290	0	0	0.01002	-0.0051834	-0.0051834	0	0	0	-121.378	-1.85221e-05	-1.85221e-05	0	0	0	17.4198	0.240256	3.27619	13.9034		
3	1	1	70	0.345		290	0	0	0.009685	-0.00503566	-0.00503566	0	0	0	-135.209	-1.88366e-05	-1.88366e-05	0	0	0	17.4628	0.217671	3.30004	13.9451		
3	1	1	71	0.35		290	0	0	0.009388	-0.0049033	-0.0049033	0	0	0	-146.51	-1.89095e-05	-1.89095e-05	0	0	0	17.5046	0.201101	3.32195	13.9816		
3	1	1	72	0.355		290	0	0	0.00908	-0.00476509	-0.00476509	0	0	0	-157.564	-1.8948e-05	-1.8948e-05	0	0	0	17.5515	0.187723	3.34524	14.0185		
3	1	1	73	0.36		290	0	0	0.008781	-0.00463019	-0.00463019	0	0	0	-167.784	-1.89658e-05	-1.89658e-05	0	0	0	17.6001	0.178486	3.36829	14.0533		
3	1	1	74	0.365		290	0	0	0.008472	-0.00449017	-0.00449017	0	0	0	-177.92	-1.89785e-05	-1.89785e-05	0	0	0	17.6535	0.172719	3.3925	14.0883		
3	1	1	75	0.37		290	0	0	0.008175	-0.00435508	-0.00435508	0	0	0	-187.305	-1.89863e-05	-1.89863e-05	0	0	0	17.7077	0.170604	3.41611	14.121		
3	1	1	76	0.375		290	0	0	0.00787	-0.00421589	-0.00421589	0	0	0	-196.62	-1.89932e-05	-1.89932e-05	0	0	0	17.7663	0.171686	3.44068	14.1539		
3	1	1	77	0.38		290	0	0	0.007568	-0.00407763	-0.00407763	0	0	0	-205.539	-1.89988e-05	-1.89988e-05	0	0	0	17.827	0.175742	3.46532	14.1859		
3	1	1	78	0.385		290	0	0	0.007264	-0.00393804	-0.00393804	0	0	0	-214.227	-1.9004e-05	-1.9004e-05	0	0	0	17.8908	0.182556	3.49042	14.2178		
3	1	1	79	0.39		290	0	0	0.00696	-0.00379805	-0.00379805	0	0	0	-222.633	-1.90087e-05	-1.90087e-05	0	0	0	17.9572	0.191843	3.51582	14.2496		
3	1	1	80	0.395		290	0	0	0.006658	-0.00365859	-0.00365859	0	0	0	-230.713	-1.9013e-05	-1.9013e-05	0	0	0	18.0257	0.203265	3.54134	14.2811		
3	1	1	81	0.4		290	0	0	0.006355	-0.00351829	-0.00351829	0	0	0	-238.556	-1.9017e-05	-1.9017e-05	0	0	0	18.0968	0.216683	3.56724	14.3128		
3	1	1	82	0.405		290	0	0	0.006051	-0.00337716	-0.00337716	0	0	0	-246.165	-1.90208e-05	-1.90208e-05	0	0	0	18.1704	0.231887	3.5935	14.3451		
3	1	1	83	0.41		290	0	0	0.005748	-0.00323614	-0.00323614	0	0	0	-253.495	-1.90243e-05	-1.90243e-05	0	0	0	18.2461	0.24856	3.61997	14.3776		
3	1	1	84	0.415		290	0	0	0.005443	-0.00309382	-0.00309382	0	0	0	-260.625	-1.90276e-05	-1.90276e-05	0	0	0	18.3245	0.266673	3.64689	14.411		
3	1	1	85	0.42		290	0	0	0.005145	-0.00295443	-0.00295443	0	0	0	-267.353	-1.90304e-05	-1.90304e-05	0	0	0	18.4032	0.285473	3.67347	14.4443		
3	1	1	86	0.425		290	0	0	0.004839	-0.00281097	-0.00281097	0	0	0	-274.026	-1.90333e-05	-1.90333e-05	0	0	0	18.486	0.305744	3.70103	14.4793		
3	1	1	87	0.43		290	0	0	0.004541	-0.00267093	-0.00267093	0	0	0	-280.298	-1.90358e-05	-1.90358e-05	0	0	0	18.5686	0.32626	3.72815	14.5142		
3	1	1	88	0.435		290	0	0	0.00424	-0.00252916	-0.00252916	0	0	0	-286.414	-1.90381e-05	-1.90381e-05	0	0	0	18.6539	0.34762	3.7558	14.5505		
3	1	1	89	0.44		290	0	0	0.003938	-0.00238662	-0.00238662	0	0	0	-292.333	-1.90402e-05	-1.90402e-05	0	0	0	18.7413	0.369561	3.78381	14.5879		
3	1	1	90	0.445		290	0	0	0.003639	-0.00224519	-0.00224519	0	0	0	-297.984	-1.90422e-05	-1.90422e-05	0	0	0	18.8296	0.391662	3.81181	14.6261		
3	1	1	91	0.45		290	0	0	0.00333	-0.00209874	-0.00209874	0	0	0	-303.616	-1.90442e-05	-1.90442e-05	0	0	0	18.9225	0.414789	3.841	14.6667		
3	1	1	92	0.455		290	0	0	0.003035	-0.00195863	-0.00195863	0	0	0	-308.794	-1.90457e-05	-1.90457e-05	0	0	0	19.0129	0.437024	3.86913	14.7067		
3	1	1	93	0.46		290	0	0	0.002733	-0.00181494	-0.00181494	0	0	0	-313.905	-1.90472e-05	-1.90472e-05	0	0	0	19.1069	0.459866	3.89818	14.7488		
3	1	1	94	0.465		290	0	0	0.002429	-0.00167002	-0.00167002	0	0	0	-318.861	-1.90486e-05	-1.90486e-05	0	0	0	19.2031	0.482853	3.92767	14.7925		
3	1	1	95	0.47		290	0	0	0.002129	-0.00152674	-0.00152674	0	0	0	-323.57	-1.90498e-05	-1.90498e-05	0	0	0	19.2994	0.505451	3.95702	14.837		
3	1	1	96	0.475		290	0	0	0.001827	-0.00138226	-0.00138226	0	0	0	-328.135	-1.9051e-05	-1.9051e-05	0	0	0	19.3978	0.52805	3.98682	14.883		
3	1	1	97	0.48		290	0	0	0.001526	-0.00123802	-0.00123802	0	0	0	-332.514	-1.9052e-05	-1.9052e-05	0	0	0	19.4973	0.550364	4.01675	14.9301		
3	1	1	98	0.485		290	0	0	0.001226	-0.00109402	-0.00109402	0	0	0	-336.716	-1.90529e-05	-1.90529e-05	0	0	0	19.5976	0.572342	4.04683	14.9785		
3	1	1	99	0.49		290	0	0	0.0009201	-0.000946962	-0.000946962	0	0	0	-340.838	-1.90538e-05	-1.90538e-05	0	0	0	19.7013	0.594441	4.07773	15.0291		
3	1	1	100	0.495		290	0	0	0.0006221	-0.000803481	-0.000803481	0	0	0	-344.702	-1.90545e-05	-1.90545e-05	0	0	0	19.8034	0.615617	4.10807	15.0797		
3	1	1	101	0.5		290	0	0	0.000321	-0.000658298	-0.000658298	0	0	0	-348.458	-1.90551e-05	-1.90551e-05	0	0	0	19.9078	0.636635	4.13896	15.1322		
3	1	1	102	0.505		290	0	0	2.3e-05	-0.000514408	-0.000514408	0	0	0	-352.035	-1.90557e-05	-1.90557e-05	0	0	0	20.0122	0.657029	4.16974	15.1854		
3	1	1	103	0.51		290	0	0	-0.000285	-0.000365489	-0.000365489	0	0	0	-355.592	-1.90563e-05	-1.90563e-05	0	0	0	20.1211	0.677664	4.20179	15.2417		
3	1	1	104	0.515		290	0	0	-0.000582	-0.000221699	-0.000221699	0	0	0	-358.889	-1.90567e-05	-1.90567e-05	0	0	0	20.2272	0.697103	4.23292	15.2972		
3	1	1	105	0.52		290	0	0	-0.0008862	-7.42406e-05	-7.42406e-05	0	0	0	-362.138	-1.90572e-05	-1.90572e-05	0	0	0	20.3369	0.71654	4.26502	15.3553		
3	1	1	106	0.525		290	0	0	-0.001187	7.17462e-05	7.17462e-05	0	0	0	-365.228	-1.90575e-05	-1.90575e-05	0	0	0	20.4463	0.73527	4.29697	15.414		
3	1	1	107	0.53		290	0	0	-0.001488	0.000217998	0.000217998	0	0	0	-368.201	-1.90579e-05	-1.90579e-05	0	0	0	20.5567	0.753518	4.32916	15.474		
3	1	1	108	0.535		290	0	0	-0.001788	0.000363926	0.000363926	0	0	0	-371.052	-1.90582e-05	-1.90582e-05	0	0	0	20.6676	0.771206	4.36145	15.5349		
3	1	1	109	0.54		290	0	0	-0.002088	0.000510009	0.000510009	0	0	0	-373.794	-1.90584e-05	-1.90584e-05	0	0	0	20.7793	0.788393	4.39394	15.597		
3	1	1	110	0.545		290	0	0	-0.002397	0.000660628	0.000660628	0	0	0	-376.511	-1.90587e-05	-1.90587e-05	0	0	0	20.8952	0.805576	4.42762	15.662		
3	1	1	111	0.55		290	0	0	-0.002687	0.000802125	0.000802125	0	0	0	-378.963	-1.90588e-05	-1.90588e-05	0	0	0	21.0048	0.821206	4.45943	15.7241		
3	1	1	112	0.555		290	0	0	-0.002994	0.000952054	0.000952054	0	0	0	-381.462	-1.9059e-05	-1.9059e-05	0	0	0	21.1215	0.837254	4.49329	15.7909		
3	1	1	113	0.56		290	0	0	-0.003294	0.0010987	0.0010987	0	0	0	-383.811	-1.90592e-05	-1.90592e-05	0	0	0	21.2363	0.852432	4.52658	15.8573		
3	1	1	114	0.565		290	0	0	-0.003592	0.00124449	0.00124449	0	0	0	-386.057	-1.90593e-05	-1.90593e-05	0	0	0	21.351	0.867023	4.55984	15.9241		
3	1	1	115	0.57		290	0	0	-0.003897	0.00139383	0.00139383	0	0	0	-388.271	-1.90595e-05	-1.90595e-05	0	0	0	21.4691	0.881468	4.59407	15.9935		
3	1	1	116	0.575		290	0	0	-0.004195	0.00153985	0.00153985	0	0	0	-390.352	-1.90596e-05	-1.90596e-05	0	0	0	21.5851	0.895104	4.62771	16.0623		
3	1	1	117	0.58		290	0	0	-0.004503	0.00169089	0.00169089	0	0	0	-392.424	-1.90597e-05	-1.90597e-05	0	0	0	21.7056	0.90872	4.66266	16.1342		
3	1	1	118	0.585		290	0	0	-0.004801	0.00183714	0.00183714	0	0	0	-394.354	-1.83888e-05	-1.83888e-05	0	0	0	21.8229	0.921432	4.69667	16.2048		
3	1	1	119	0.59		290	0	0	-0.005103	0.00198545	0.00198545	0	0	0	-396.238	-1.77498e-05	-1.77498e-05	0	0	0	21.9422	0.933869	4.73131	16.2771		
3	1	1	120	0.595		290	0	0	-0.005403	0.00213287	0.00213287	0	0	0	-398.042	-1.71775e-05	-1.71775e-05	0	0	0	22.0614	0.945787	4.7659	16.3497		
3	1	1	121	0.6		290	0	0	-0.005709	0.00228333	0.00228333	0	0	0	-399.816	-1.66226e-05	-1.66226e-05	0	0	0	22.1835	0.95751	4.80137	16.4246		
3	1	1	122	0.605		290	0	0	-0.006006	0.00242946	0.00242946	0	0	0	-401.475	-1.616e-05	-1.616e-05	0	0	0	22.3024	0.968476	4.83596	16.498		
3	1	1	123	0.61		290	0	0	-0.00631	0.00257912	0.00257912	0	0	0	-403.115	-1.57069e-05	-1.57069e-05	0	0	0	22.4247	0.979298	4.87155	16.5739		
3	1	1	124	0.615		290	0	0	-0.006614	0.00272886	0.00272886	0	0	0	-404.696	-1.52941e-05	-1.52941e-05	0	0	0	22.5475	0.989723	4.90731	16.6505		
3	1	1	125	0.62		290	0	0	-0.006908	0.00287375	0.00287375	0	0	0	-406.172	-1.49538e-05	-1.49538e-05	0	0	0	22.6667	0.999435	4.94206	16.7252		
3	1	1	126	0.625		290	0	0	-0.007212	0.00302365	0.00302365	0	0	0	-407.646	-1.46106e-05	-1.46106e-05	0	0	0	22.7904	1.00912	4.97816	16.8031		
3	1	1	127	0.63		290	0	0	-0.007516	0.00317361	0.00317361	0	0	0	-409.07	-1.42983e-05	-1.42983e-05	0	0	0	22.9146	1.01844	5.01443	16.8817		
3	1	1	128	0.635		290	0	0	-0.007817	0.00332217	0.00332217	0	0	0	-410.433	-1.40226e-05	-1.40226e-05	0	0	0	23.0379	1.02732	5.05051	16.9601		
3	1	1	129	0.64		290	0	0	-0.008119	0.00347128	0.00347128	0	0	0	-411.755	-1.37692e-05	-1.37692e-05	0	0	0	23.1621	1.0359	5.08688	17.0393		
3	1	1	130	0.645		290	0	0	-0.00842	0.00361996	0.00361996	0	0	0	-413.029	-1.35411e-05	-1.35411e-05	0	0	0	23.2862	1.04414	5.12328	17.1188		
3	1	1	131	0.65		290	0	0	-0.008722	0.00376919	0.00376919	0	0	0	-414.267	-1.33316e-05	-1.33316e-05	0	0	0	23.4111	1.0521	5.15997	17.199		
3	1	1	132	0.655		290	0	0	-0.009023	0.00391798	0.00391798	0	0	0	-415.461	-1.31431e-05	-1.31431e-05	0	0	0	23.536	1.05974	5.1967	17.2795		
3	1	1	133	0.66		290	0	0	-0.009324	0.00406683	0.00406683	0	0	0	-416.618	-1.29719e-05	-1.29719e-05	0	0	0	23.6612	1.0671	5.23358	17.3605		
3	1	1	134	0.665		290	0	0	-0.009627	0.00421672	0.00421672	0	0	0	-417.747	-1.28132e-05	-1.28132e-05	0	0	0	23.7876	1.07423	5.27087	17.4425		
3	1	1	135	0.67		290	0	0	-0.00992	0.00436171	0.00436171	0	0	0	-418.806	-1.2683e-05	-1.2683e-05	0	0	0	23.9102	1.08088	5.30708	17.5222		
3	1	1	136	0.675		290	0	0	-0.01022	0.0045102	0.0045102	0	0	0	-419.858	-1.25558e-05	-1.25558e-05	0	0	0	24.036	1.08744	5.3443	17.6042		
3	1	1	137	0.68		290	0	0	-0.01053	0.00466369	0.00466369	0	0	0	-420.914	-1.24284e-05	-1.24284e-05	0	0	0	24.1663	1.09397	5.38293	17.6894		
3	1	1	138	0.685		290	0	0	-0.01082	0.00480732	0.00480732	0	0	0	-421.873	-1.2334e-05	-1.2334e-05	0	0	0	24.2885	1.09986	5.4192	17.7694		
3	1	1	139	0.69		290	0	0	-0.01113	0.0049609	0.0049609	0	0	0	-422.87	-1.22291e-05	-1.22291e-05	0	0	0	24.4194	1.10592	5.45814	17.8554		
3	1	1	140	0.695		290	0	0	-0.01143	0.00510956	0.00510956	0	0	0	-423.808	-1.21431e-05	-1.21431e-05	0	0	0	24.5464	1.11158	5.49597	17.9389		
3	1	1	141	0.7		290	0	0	-0.01173	0.00525826	0.00525826	0	0	0	-424.721	-1.20651e-05	-1.20651e-05	0	0	0	24.6737	1.11704	5.53395	18.0227		
3	1	1	142	0.705		290	0	0	-0.01203	0.00540699	0.00540699	0	0	0	-425.61	-1.19943e-05	-1.19943e-05	0	0	0	24.8013	1.12231	5.57207	18.1069		
3	1	1	143	0.71		290	0	0	-0.01233	0.00555575	0.00555575	0	0	0	-426.476	-1.19302e-05	-1.19302e-05	0	0	0	24.9291	1.12739	5.61034	18.1913		
3	1	1	144	0.715		290	0	0	-0.01263	0.00570454	0.00570454	0	0	0	-427.32	-1.1872e-05	-1.1872e-05	0	0	0	25.0571	1.1323	5.64876	18.2761		
3	1	1	145	0.72		290	0	0	-0.01293	0.00585337	0.00585337	0	0	0	-428.144	-1.18193e-05	-1.18193e-05	0	0	0	25.1855	1.13704	5.68732	18.3611		
3	1	1	146	0.725		290	0	0	-0.01323	0.00600222	0.00600222	0	0	0	-428.947	-1.17715e-05	-1.17715e-05	0	0	0	25.314	1.14162	5.72602	18.4464		
3	1	1	147	0.73		290	0	0	-0.01353	0.0061511	0.0061511	0	0	0	-429.733	-1.17282e-05	-1.17282e-05	0	0	0	25.4428	1.14604	5.76487	18.5319		
3	1	1	148	0.735		290	0	0	-0.01383	0.0063	0.0063	0	0	0	-430.5	-1.16889e-05	-1.16889e-05	0	0	0	25.5719	1.15032	5.80386	18.6177		
3	1	1	149	0.74		290	0	0	-0.01413	0.00644893	0.00644893	0	0	0	-431.25	-1.16534e-05	-1.16534e-05	0	0	0	25.7011	1.15446	5.84299	18.7037		
3	1	1	150	0.745		290	0	0	-0.01443	0.00659788	0.00659788	0	0	0	-431.985	-1.16212e-05	-1.16212e-05	0	0	0	25.8306	1.15847	5.88226	18.7899		
3	1	1	151	0.75		290	0	0	-0.01473	0.00674685	0.00674685	0	0	0	-432.703	-1.1592e-05	-1.1592e-05	0	0	0	25.9603	1.16235	5.92167	18.8763		
3	1	1	152	0.755		290	0	0	-0.01499	0.00687598	0.00687598	0	0	0	-433.314	-1.15748e-05	-1.15748e-05	0	0	0	26.0729	1.16561	5.95593	18.9513		
3	1	1	153	0.76		290	0	0	-0.01484	0.00683098	0.00683098	0	0	0	-412.314	-1.15748e-05	-1.15748e-05	0	0	0	26.0095	1.10219	5.95593	18.9513		
3	1	1	154	0.765		290	0	0	-0.01453	0.00673798	0.00673798	0	0	0	-368.914	-1.15748e-05	-1.15748e-05	0	0	0	25.8884	0.981099	5.95593	18.9513		
3	1	1	155	0.77		290	0	0	-0.01423	0.00664798	0.00664798	0	0	0	-326.914	-1.15748e-05	-1.15748e-05	0	0	0	25.784	0.876725	5.95593	18.9513		
3	1	1	156	0.775		290	0	0	-0.01395	0.00656398	0.00656398	0	0	0	-287.714	-1.15748e-05	-1.15748e-05	0	0	0	25.698	0.790677	5.95593	18.9513		
3	1	1	157	0.78		290	0	0	-0.01367	0.00647998	0.00647998	0	0	0	-248.514	-1.15748e-05	-1.15748e-05	0	0	0	25.6229	0.715605	5.95593	18.9513		
3	1	1	158	0.785		290	0	0	-0.01339	0.00639598	0.00639598	0	0	0	-209.314	-1.15748e-05	-1.15748e-05	0	0	0	25.5588	0.651509	5.95593	18.9513		
3	1	1	159	0.79		290	0	0	-0.0131	0.00630898	0.00630898	0	0	0	-168.714	-1.15748e-05	-1.15748e-05	0	0	0	25.504	0.596695	5.95593	18.9513		
3	1	1	160	0.795		290	0	0	-0.01281	0.00622198	0.00622198	0	0	0	-128.114	-1.15748e-05	-1.15748e-05	0	0	0	25.4609	0.553655	5.95593	18.9513		
3	1	1	161	0.8		290	0	0	-0.01252	0.00613498	0.00613498	0	0	0	-87.5142	-1.15748e-05	-1.15748e-05	0	0	0	25.4297	0.522388	5.95593	18.9513		
3	1	1	162	0.805		290	0	0	-0.01223	0.00604798	0.00604798	0	0	0	-46.9142	-1.15748e-05	-1.15748e-05	0	0	0	25.4102	0.502896	5.95593	18.9513		
3	1	1	163	0.81		290	0	0	-0.01193	0.0059494	0.0059494	0	0	0	-10.9178	-1.15793e-05	-1.15793e-05	0	0	0	25.4015	0.476762	5.96169	18.963		
3	1	1	164	0.815		290	0	0	-0.01164	0.00584332	0.00584332	0	0	0	16.3211	-1.1583e-05	-1.1583e-05	0	0	0	25.4023	0.440592	5.97451	18.9872		
3	1	1	165	0.82		290	0	0	-0.01134	0.00573104	0.00573104	0	0	0	42.7269	-1.15903e-05	-1.15903e-05	0	0	0	25.4111	0.40982	5.9895	19.0118		
3	1	1	166	0.825		290	0	0	-0.01108	0.00563127	0.00563127	0	0	0	63.8925	-1.15953e-05	-1.15953e-05	0	0	0	25.425	0.386802	6.00415	19.034		
3	1	1	167	0.83		290	0	0	-0.01085	0.00554097	0.00554097	0	0	0	81.1807	-1.15985e-05	-1.15985e-05	0	0	0	25.4417	0.368173	6.01851	19.055		
3	1	1	168	0.835		290	0	0	-0.01056	0.00542451	0.00542451	0	0	0	101.155	-1.16088e-05	-1.16088e-05	0	0	0	25.4681	0.346286	6.0384	19.0834		
3	1	1	169	0.84		290	0	0	-0.01025	0.00529666	0.00529666	0	0	0	120.16	-1.16196e-05	-1.16196e-05	0	0	0	25.5024	0.323748	6.06197	19.1167		
3	1	1	170	0.845		290	0	0	-0.009935	0.00516343	0.00516343	0	0	0	137.151	-1.16257e-05	-1.16257e-05	0	0	0	25.543	0.301511	6.08821	19.1532		
3	1	1	171	0.85		290	0	0	-0.009572	0.00500654	0.00500654	0	0	0	154.38	-1.16301e-05	-1.16301e-05	0	0	0	25.5959	0.277663	6.12079	19.1974		
3	1	1	172	0.855		290	0	0	-0.009227	0.00485475	0.00485475	0	0	0	168.876	-1.11905e-05	-1.11905e-05	0	0	0	25.6516	0.257771	6.15367	19.2402		
3	1	1	173	0.86		290	0	0	-0.008873	0.00469714	0.00469714	0	0	0	182.449	-1.10224e-05	-1.10224e-05	0	0	0	25.7138	0.241456	6.18876	19.2836		
3	1	1	174	0.865		290	0	0	-0.008562	0.00455753	0.00455753	0	0	0	193.57	-1.09832e-05	-1.09832e-05	0	0	0	25.7723	0.231043	6.22046	19.3208		
3	1	1	175	0.87		290	0	0	-0.008262	0.00442212	0.00442212	0	0	0	203.784	-1.09655e-05	-1.09655e-05	0	0	0	25.8319	0.224639	6.25161	19.3556		
3	1	1	176	0.875		290	0	0	-0.007967	0.0042884	0.0042884	0	0	0	213.428	-1.0955e-05	-1.0955e-05	0	0	0	25.8934	0.221754	6.28271	19.389		
3	1	1	177	0.88		290	0	0	-0.00766	0.00414872	0.00414872	0	0	0	223.105	-1.09462e-05	-1.09462e-05	0	0	0	25.9604	0.222166	6.3155	19.4228		
3	1	1	178	0.885		290	0	0	-0.007364	0.00401359	0.00401359	0	0	0	232.116	-1.09401e-05	-1.09401e-05	0	0	0	26.0278	0.225629	6.34751	19.4547		
3	1	1	179	0.89		290	0	0	-0.007066	0.00387714	0.00387714	0	0	0	240.896	-1.09347e-05	-1.09347e-05	0	0	0	26.0983	0.231912	6.3801	19.4863		
3	1	1	180	0.895		290	0	0	-0.006767	0.00373982	0.00373982	0	0	0	249.423	-1.09298e-05	-1.09298e-05	0	0	0	26.1716	0.240783	6.41317	19.5176		
3	1	1	181	0.9		290	0	0	-0.006463	0.00359981	0.00359981	0	0	0	257.815	-1.09251e-05	-1.09251e-05	0	0	0	26.2487	0.252181	6.44714	19.5494		
3	1	1	182	0.905		290	0	0	-0.006164	0.00346172	0.00346172	0	0	0	265.801	-1.0921e-05	-1.0921e-05	0	0	0	26.327	0.265485	6.48091	19.5806		
3	1	1	183	0.91		290	0	0	-0.005858	0.00332001	0.00332001	0	0	0	273.709	-1.09168e-05	-1.09168e-05	0	0	0	26.4095	0.28101	6.51582	19.6127		
3	1	1	184	0.915		290	0	0	-0.005566	0.00318444	0.00318444	0	0	0	281.005	-1.09136e-05	-1.09136e-05	0	0	0	26.4905	0.297404	6.54946	19.6436		
3	1	1	185	0.92		290	0	0	-0.005263	0.0030434	0.0030434	0	0	0	288.33	-1.09101e-05	-1.09101e-05	0	0	0	26.5768	0.315852	6.58471	19.6762		
3	1	1	186	0.925		290	0	0	-0.00496	0.00290201	0.00290201	0	0	0	295.408	-1.09068e-05	-1.09068e-05	0	0	0	26.6652	0.335558	6.6203	19.7093		
3	1	1	187	0.93		290	0	0	-0.004665	0.00276402	0.00276402	0	0	0	302.065	-1.09041e-05	-1.09041e-05	0	0	0	26.7533	0.355771	6.65527	19.7423		
3	1	1	188	0.935		290	0	0	-0.004368	0.00262477	0.00262477	0	0	0	308.541	-1.09015e-05	-1.09015e-05	0	0	0	26.844	0.376988	6.6908	19.7762		
3	1	1	189	0.94		290	0	0	-0.004064	0.00248192	0.00248192	0	0	0	314.941	-1.08988e-05	-1.08988e-05	0	0	0	26.9388	0.399452	6.72749	19.8118		
3	1	1	190	0.945		290	0	0	-0.003767	0.00234204	0.00234204	0	0	0	320.975	-1.08966e-05	-1.08966e-05	0	0	0	27.0332	0.421977	6.76365	19.8476		
3	1	1	191	0.95		290	0	0	-0.003465	0.00219949	0.00219949	0	0	0	326.895	-1.08944e-05	-1.08944e-05	0	0	0	27.131	0.445343	6.80073	19.885		
3	1	1	192	0.955		290	0	0	-0.003163	0.00205665	0.00205665	0	0	0	332.603	-1.08924e-05	-1.08924e-05	0	0	0	27.2306	0.469048	6.83812	19.9234		
3	1	1	193	0.96		290	0	0	-0.002869	0.0019173	0.0019173	0	0	0	337.961	-1.08908e-05	-1.08908e-05	0	0	0	27.3292	0.492337	6.87482	19.962		
3	1	1	194	0.965		290	0	0	-0.002565	0.00177293	0.00177293	0	0	0	343.303	-1.08891e-05	-1.08891e-05	0	0	0	27.4327	0.516552	6.91307	20.0031		
3	1	1	195	0.97		290	0	0	-0.002263	0.00162924	0.00162924	0	0	0	348.415	-1.08875e-05	-1.08875e-05	0	0	0	27.5372	0.54064	6.95137	20.0452		
3	1	1	196	0.975		290	0	0	-0.001967	0.00148813	0.00148813	0	0	0	353.241	-1.08862e-05	-1.08862e-05	0	0	0	27.641	0.564195	6.9892	20.0876		
3	1	1	197	0.98		290	0	0	-0.001666	0.00134439	0.00134439	0	0	0	357.97	-1.0885e-05	-1.0885e-05	0	0	0	27.7481	0.588031	7.02795	20.1321		
3	1	1	198	0.985		290	0	0	-0.001365	0.00120039	0.00120039	0	0	0	362.522	-1.08838e-05	-1.08838e-05	0	0	0	27.8565	0.611677	7.06699	20.1778		
3	1	1	199	0.99		290	0	0	-0.001064	0.00105615	0.00105615	0	0	0	366.904	-1.08828e-05	-1.08828e-05	0	0	0	27.9663	0.635076	7.10631	20.2249		
3	1	1	200	0.995		290	0	0	-0.0007638	0.000912058	0.000912058	0	0	0	371.111	-1.08819e-05	-1.08819e-05	0	0	0	28.0771	0.658113	7.14579	20.2731		
3	1	1	201	1		290	0	0	-0.00046	0.000766009	0.000766009	0	0	0	375.206	-1.0881e-05	-1.0881e-05	0	0	0	28.1904	0.68108	7.18603	20.3233		
