g	nindividual	cost	p(0)	p(1)	p(2)	p(3)	p(4)	p(5)	p(6)	
0	4	1.13275	284.225	3286.58	0.824075	11159.1	497.897	573669	6198.18
0	6	3.55599	213.277	644.065	1.07721	72532.7	995.09	997267	2256.69
0	3	9.74646	91.2914	2113.53	9.15779	72398.2	327.051	711581	6434
0	1	13.3908	55.923	6263.45	3.90983	28947.1	905.405	456475	8387.4
0	8	16.1409	240.15	3276.67	7.6529	32554.1	700.225	718795	4134.92
0	9	17.6647	153.586	9623.29	2.85989	86798.8	798.253	65318.1	6881.41
0	10	17.9989	268.612	4672.62	5.9897	86891.1	981.621	130844	3463.01
0	7	20.3444	247.265	6494.22	4.63366	93581.3	650.917	606681	7907.38
0	2	24.5001	97.4529	5582.91	9.98568	51579.2	88.3023	702046	9825.63
0	5	26.5539	171.774	7895.39	5.85475	68873.5	915.06	291267	8786.97
1	23	0.338857	97.1599	3254.55	0.816486	51709.3	499.068	568553	6206.72
1	4	1.13275	255.803	2957.92	0.741667	10043.2	448.107	516302	5578.36
1	6	3.55599	213.277	644.065	1.07721	72532.7	995.09	997267	2256.69
1	24	6.35073	91.2354	2096.67	7.60053	18013.1	698.104	714952	6400.67
1	3	9.74646	91.2914	2113.53	9.15779	72398.2	327.051	711581	6434
1	25	11.4693	213.628	9623.93	1.08407	85955.1	1000	1e+06	2235.49
1	30	11.4913	281.986	3319.39	4.61032	77241.7	499.05	935224	6250.68
1	28	13.0721	56.4377	6243.19	3.87464	6411.3	799.436	454269	6817.11
1	1	13.3908	55.923	6263.45	3.90983	28947.1	905.405	456475	8387.4
1	21	13.8916	241.496	3257.69	7.69211	32608.3	799.976	65879	4137.82
2	23	0.338857	87.4439	2929.09	0.898134	46538.4	449.161	511697	5586.05
2	40	0.362131	211.451	638.508	1.08624	72271.3	989.407	711825	6487.23
2	4	1.13275	255.803	2957.92	0.741667	10043.2	448.107	516302	5578.36
2	35	1.37015	96.8602	3253.16	0.810019	51195.4	495.146	574159	2231.68
2	34	1.37157	242.026	647.152	7.66661	72596.9	806.319	65364.4	2259.05
2	6	3.55599	213.277	644.065	1.07721	72532.7	995.09	997267	2256.69
2	32	5.21033	256.884	9626.73	0.736965	86552.6	451.465	513963	5593.51
2	37	6.09988	254.508	2940.87	3.93902	29107.6	449.274	460199	8465.33
2	24	6.35073	91.2354	2096.67	7.60053	18013.1	698.104	714952	6400.67
2	36	6.86005	90.3355	2089.59	7.67251	58747.5	792.213	719013	6823.7
3	44	0.185031	86.6524	2904.38	0.736245	46838.7	455.395	513760	5552.21
3	45	0.228485	195.82	633.015	1.08343	72438.5	995.608	508801	6482.43
3	23	0.280229	78.6995	2636.19	0.987948	41884.5	404.245	460528	5027.44
3	40	0.362131	211.451	638.508	1.08624	72271.3	989.407	711825	6487.23
3	42	0.683395	88.153	645.268	7.70093	46348.4	448.047	509922	5600.93
3	4	1.13275	255.803	2957.92	0.741667	10043.2	448.107	516302	5578.36
3	48	1.28019	241.885	648.735	7.74158	71813.7	999.863	64807.9	2249.44
3	35	1.37015	96.8602	3253.16	0.810019	51195.4	495.146	574159	2231.68
3	34	1.37157	242.026	647.152	7.66661	72596.9	806.319	65364.4	2259.05
3	49	2.75393	212.367	3245.54	1.08303	50776.2	986.434	576223	2210.51
4	44	0.185031	77.9872	2613.94	0.809869	42154.8	409.856	462384	4996.99
4	57	0.205912	87.6217	635.001	1.08234	72339.7	996.942	732108	6430.68
4	53	0.210345	96.0222	3242.78	0.805268	71821.6	499.56	65127.3	2230.53
4	45	0.228485	195.82	633.015	1.08343	72438.5	995.608	508801	6482.43
4	51	0.270958	78.7743	2642.02	0.979697	72408.2	995.791	504058	5043.43
4	23	0.280229	78.6995	2636.19	0.987948	41884.5	404.245	460528	5027.44
4	58	0.361735	78.3384	627.963	1.08512	72116.7	996.005	508736	7801.8
4	40	0.362131	211.451	638.508	1.08624	72271.3	989.407	711825	6487.23
4	42	0.683395	88.153	645.268	7.70093	46348.4	448.047	509922	5600.93
4	4	1.13275	255.803	2957.92	0.741667	10043.2	448.107	516302	5578.36
5	44	0.150352	70.1885	2352.54	0.890856	37939.3	368.87	416146	4497.29
5	66	0.161369	77.7176	2648.99	0.808505	42128.4	553.03	462348	4995.91
5	57	0.205912	87.6217	635.001	1.08234	72339.7	996.942	732108	6430.68
5	53	0.210345	96.0222	3242.78	0.805268	71821.6	499.56	65127.3	2230.53
5	45	0.228485	195.82	633.015	1.08343	72438.5	995.608	508801	6482.43
5	62	0.232013	196.762	639.441	1.08808	72990.9	987.065	508308	6485.79
5	67	0.232679	197.394	634.182	1.08686	72458.6	997.291	509938	6452.63
5	51	0.270958	78.7743	2642.02	0.979697	72408.2	995.791	504058	5043.43
5	64	0.278365	88.2262	628.672	1.09288	73147.9	992.961	505133	6490.06
5	23	0.280229	78.6995	2636.19	0.987948	41884.5	404.245	460528	5027.44
6	44	0.122297	63.1696	2117.29	0.979942	34145.4	331.983	374531	4047.56
6	66	0.161369	77.7176	2648.99	0.808505	42128.4	553.03	462348	4995.91
6	77	0.185905	195.873	633.315	1.08269	38199.6	365.819	513700	6495.56
6	57	0.205912	87.6217	635.001	1.08234	72339.7	996.942	732108	6430.68
6	53	0.210345	96.0222	3242.78	0.805268	71821.6	499.56	65127.3	2230.53
6	79	0.224275	78.003	2641.99	1.09124	42011.5	993.118	464167	6445.75
6	78	0.227419	194.66	627.43	1.08984	72735.1	990.551	504611	6393.85
6	45	0.228485	195.82	633.015	1.08343	72438.5	995.608	508801	6482.43
6	72	0.231702	198.801	633.268	0.983944	72527.1	993.538	510611	6389.35
6	62	0.232013	196.762	639.441	1.08808	72990.9	987.065	508308	6485.79
7	44	0.100155	69.4866	1905.56	1.07794	30730.9	298.785	337078	3642.81
7	66	0.161369	77.7176	2648.99	0.808505	42128.4	553.03	462348	4995.91
7	77	0.185905	195.873	633.315	1.08269	38199.6	365.819	513700	6495.56
7	57	0.205912	87.6217	635.001	1.08234	72339.7	996.942	732108	6430.68
7	53	0.210345	96.0222	3242.78	0.805268	71821.6	499.56	65127.3	2230.53
7	79	0.224275	78.003	2641.99	1.09124	42011.5	993.118	464167	6445.75
7	84	0.225885	194.264	626.991	1.08325	72576.5	983.477	503901	6409.77
7	78	0.227419	194.66	627.43	1.08984	72735.1	990.551	504611	6393.85
7	45	0.228485	195.82	633.015	1.08343	72438.5	995.608	508801	6482.43
7	72	0.231702	198.801	633.268	0.983944	72527.1	993.538	510611	6389.35
8	44	0.0950438	76.4352	1715.01	1.18573	27657.8	268.906	303370	3278.53
8	66	0.161369	77.7176	2648.99	0.808505	42128.4	553.03	462348	4995.91
8	91	0.185183	95.6275	3227.27	0.801806	71871.8	981.962	65326	6395.3
8	77	0.185905	195.873	633.315	1.08269	38199.6	365.819	513700	6495.56
8	97	0.198911	77.7206	1924.28	1.07498	41659.7	995.92	460729	3636.59
8	57	0.205912	87.6217	635.001	1.08234	72339.7	996.942	732108	6430.68
8	53	0.210345	96.0222	3242.78	0.805268	71821.6	499.56	65127.3	2230.53
8	79	0.224275	78.003	2641.99	1.09124	42011.5	993.118	464167	6445.75
8	84	0.225885	194.264	626.991	1.08325	72576.5	983.477	503901	6409.77
8	98	0.226054	193.857	622.262	1.08422	72284.8	1000	507499	6349.17
9	44	0.091033	69.3165	1543.5	1.3043	24892	242.016	273033	2950.67
9	66	0.161369	77.7176	2648.99	0.808505	42128.4	553.03	462348	4995.91
9	91	0.185183	95.6275	3227.27	0.801806	71871.8	981.962	65326	6395.3
9	77	0.185905	195.873	633.315	1.08269	38199.6	365.819	513700	6495.56
9	109	0.191056	87.3128	629.841	1.08749	38390.8	368	397299	6375.29
9	97	0.198911	77.7206	1924.28	1.07498	41659.7	995.92	460729	3636.59
9	57	0.205912	87.6217	635.001	1.08234	72339.7	996.942	732108	6430.68
9	110	0.209609	194.82	627.64	1.0739	38486	983.604	503388	6507.81
9	53	0.210345	96.0222	3242.78	0.805268	71821.6	499.56	65127.3	2230.53
9	79	0.224275	78.003	2641.99	1.09124	42011.5	993.118	464167	6445.75
10	44	0.0729247	76.2481	1389.15	1.28546	22402.8	217.814	245730	2655.61
10	119	0.10162	77.8946	634.335	1.0964	38123.8	364.927	456444	3635.23
10	113	0.150567	94.7822	3111.29	0.81022	72035.8	497.406	65970.2	6428.75
10	66	0.161369	77.7176	2648.99	0.808505	42128.4	553.03	462348	4995.91
10	117	0.183874	195.89	628.042	1.09203	37884.6	362.561	509776	6478.92
10	91	0.185183	95.6275	3227.27	0.801806	71871.8	981.962	65326	6395.3
10	77	0.185905	195.873	633.315	1.08269	38199.6	365.819	513700	6495.56
10	109	0.191056	87.3128	629.841	1.08749	38390.8	368	397299	6375.29
10	97	0.198911	77.7206	1924.28	1.07498	41659.7	995.92	460729	3636.59
10	57	0.205912	87.6217	635.001	1.08234	72339.7	996.942	732108	6430.68
11	44	0.0609343	83.8729	1528.07	1.15692	20162.5	196.033	221157	2390.05
11	119	0.10162	77.8946	634.335	1.0964	38123.8	364.927	456444	3635.23
11	126	0.110498	94.9936	2660.5	0.803838	71874.9	498.816	66236.3	4986.54
11	130	0.128797	194.69	628.992	1.09156	71692.4	494.789	66567.2	6478.97
11	122	0.129981	87.155	625.372	0.808149	72187.3	500.271	399635	6327.16
11	113	0.150567	94.7822	3111.29	0.81022	72035.8	497.406	65970.2	6428.75
11	128	0.152801	78.056	2652.71	0.809876	38009	556.197	508264	6472.24
11	124	0.160723	75.5675	1392.71	1.27945	72453.4	982.523	243922	2658.36
11	66	0.161369	77.7176	2648.99	0.808505	42128.4	553.03	462348	4995.91
11	117	0.183874	195.89	628.042	1.09203	37884.6	362.561	509776	6478.92
12	44	0.0585057	83.8709	1375.26	1.27261	22178.8	176.429	199041	2151.04
12	132	0.0955749	83.5829	1530.68	1.14852	37910.6	361.92	506166	6470.78
12	119	0.10162	77.8946	634.335	1.0964	38123.8	364.927	456444	3635.23
12	140	0.105314	98.6695	632.977	1.08464	71746.7	496.639	402618	6479.63
12	126	0.110498	94.9936	2660.5	0.803838	71874.9	498.816	66236.3	4986.54
12	139	0.122002	94.2001	621.409	0.801234	71272.2	295.185	402326	4978.84
12	130	0.128797	194.69	628.992	1.09156	71692.4	494.789	66567.2	6478.97
12	135	0.129231	77.9455	632.562	1.08864	72458	365.911	402847	3604.18
12	122	0.129981	87.155	625.372	0.808149	72187.3	500.271	399635	6327.16
12	113	0.150567	94.7822	3111.29	0.81022	72035.8	497.406	65970.2	6428.75
13	44	0.0465884	83.9162	1237.74	1.39987	24396.6	161.523	179137	1935.94
13	148	0.0939956	71.4053	2652.18	0.807935	71653.2	503.151	65622.7	4952.25
13	132	0.0955749	83.5829	1530.68	1.14852	37910.6	361.92	506166	6470.78
13	119	0.10162	77.8946	634.335	1.0964	38123.8	364.927	456444	3635.23
13	140	0.105314	98.6695	632.977	1.08464	71746.7	496.639	402618	6479.63
13	126	0.110498	94.9936	2660.5	0.803838	71874.9	498.816	66236.3	4986.54
13	145	0.111532	87.1598	628.748	1.08905	72039	497.07	399997	6354.73
13	150	0.120853	94.7113	637.142	0.802822	70845.2	295.526	399028	4948.15
13	139	0.122002	94.2001	621.409	0.801234	71272.2	295.185	402326	4978.84
13	130	0.128797	194.69	628.992	1.09156	71692.4	494.789	66567.2	6478.97
14	44	0.0453481	83.7716	1361.51	1.25988	26836.3	177.675	161223	2129.53
14	160	0.0563507	95.5849	638.592	0.808993	71124	296.816	65346.6	4923.71
14	158	0.0871467	74.8421	639.227	0.809096	71517.3	298.045	400630	4940.92
14	148	0.0939956	71.4053	2652.18	0.807935	71653.2	503.151	65622.7	4952.25
14	132	0.0955749	83.5829	1530.68	1.14852	37910.6	361.92	506166	6470.78
14	119	0.10162	77.8946	634.335	1.0964	38123.8	364.927	456444	3635.23
14	140	0.105314	98.6695	632.977	1.08464	71746.7	496.639	402618	6479.63
14	126	0.110498	94.9936	2660.5	0.803838	71874.9	498.816	66236.3	4986.54
14	155	0.111502	130.731	617.591	0.80165	71060.1	493.329	402150	6320.59
14	145	0.111532	87.1598	628.748	1.08905	72039	497.07	399997	6354.73
15	44	0.0356304	75.3944	1225.36	1.38587	29519.9	168.009	145101	2265.36
15	160	0.0563507	95.5849	638.592	0.808993	71124	296.816	65346.6	4923.71
15	168	0.065211	95.9567	1537.6	0.810292	37975	296.08	505662	6458.79
15	167	0.0717779	96.3455	628.348	1.09622	70654.5	361.809	65524.3	4956.48
15	158	0.0871467	74.8421	639.227	0.809096	71517.3	298.045	400630	4940.92
15	148	0.0939956	71.4053	2652.18	0.807935	71653.2	503.151	65622.7	4952.25
15	163	0.0949861	75.0354	2678.15	0.800292	71958.4	501.995	65931.8	4959.2
15	132	0.0955749	83.5829	1530.68	1.14852	37910.6	361.92	506166	6470.78
15	119	0.10162	77.8946	634.335	1.0964	38123.8	364.927	456444	3635.23
15	140	0.105314	98.6695	632.977	1.08464	71746.7	496.639	402618	6479.63
16	44	0.0277429	69.4148	1102.82	1.52446	30674.7	172.877	145861	2491.9
16	171	0.0510592	95.8839	634.575	1.10482	70872	294.53	65779.7	4932.59
16	160	0.0563507	95.5849	638.592	0.808993	71124	296.816	65346.6	4923.71
16	173	0.062687	82.9639	1540.09	0.815539	37931.2	296.71	502775	6475.88
16	168	0.065211	95.9567	1537.6	0.810292	37975	296.08	505662	6458.79
16	167	0.0717779	96.3455	628.348	1.09622	70654.5	361.809	65524.3	4956.48
16	174	0.0850171	74.2735	643.646	0.807242	70530.4	296.235	403715	4897.41
16	158	0.0871467	74.8421	639.227	0.809096	71517.3	298.045	400630	4940.92
16	148	0.0939956	71.4053	2652.18	0.807935	71653.2	503.151	65622.7	4952.25
16	163	0.0949861	75.0354	2678.15	0.800292	71958.4	501.995	65931.8	4959.2
17	44	0.0261015	70.1663	992.541	1.6769	30114.3	171.362	131275	2242.71
17	184	0.0502856	95.2546	634.092	1.09536	70786.2	300.192	66212.7	4920.74
17	186	0.050718	95.0485	640.251	1.11281	70950.4	295.345	65361.6	4942.71
17	171	0.0510592	95.8839	634.575	1.10482	70872	294.53	65779.7	4932.59
17	160	0.0563507	95.5849	638.592	0.808993	71124	296.816	65346.6	4923.71
17	173	0.062687	82.9639	1540.09	0.815539	37931.2	296.71	502775	6475.88
17	168	0.065211	95.9567	1537.6	0.810292	37975	296.08	505662	6458.79
17	167	0.0717779	96.3455	628.348	1.09622	70654.5	361.809	65524.3	4956.48
17	187	0.0721877	74.3759	641.902	0.803804	70681.3	296.471	65812.8	4880.23
17	174	0.0850171	74.2735	643.646	0.807242	70530.4	296.235	403715	4897.41
18	44	0.0261015	70.1663	992.541	1.6769	30114.3	171.362	131275	2242.71
18	184	0.0502856	95.2546	634.092	1.09536	70786.2	300.192	66212.7	4920.74
18	192	0.05051	95.4753	631.881	1.10586	70369	294.245	65314.4	4982.93
18	191	0.0506557	95.4988	629.996	1.08906	70473.3	295.758	65910.8	4943.34
18	186	0.050718	95.0485	640.251	1.11281	70950.4	295.345	65361.6	4942.71
18	171	0.0510592	95.8839	634.575	1.10482	70872	294.53	65779.7	4932.59
18	195	0.051533	96.8946	630.038	1.09736	70972.9	294.348	65223.1	4845.89
18	193	0.0559352	96.8867	639.083	0.811002	71292.4	293.95	66368	4844.99
18	160	0.0563507	95.5849	638.592	0.808993	71124	296.816	65346.6	4923.71
18	194	0.0570904	73.973	630.397	1.11226	71019.2	295.668	65616.1	4917.16
19	44	0.0261015	70.1663	992.541	1.6769	30114.3	171.362	131275	2242.71
19	184	0.0502856	95.2546	634.092	1.09536	70786.2	300.192	66212.7	4920.74
19	192	0.05051	95.4753	631.881	1.10586	70369	294.245	65314.4	4982.93
19	191	0.0506557	95.4988	629.996	1.08906	70473.3	295.758	65910.8	4943.34
19	186	0.050718	95.0485	640.251	1.11281	70950.4	295.345	65361.6	4942.71
19	209	0.0509646	94.1127	627.822	1.10962	71365.7	297.838	65988.8	4909.89
19	171	0.0510592	95.8839	634.575	1.10482	70872	294.53	65779.7	4932.59
19	195	0.051533	96.8946	630.038	1.09736	70972.9	294.348	65223.1	4845.89
19	202	0.0515526	96.5409	633.02	1.09922	71507.3	296.975	65380.1	4892.62
19	207	0.0532297	96.5609	632.97	1.09754	71539.3	291.254	65724.1	4855.01
20	44	0.0261015	70.1663	992.541	1.6769	30114.3	171.362	131275	2242.71
20	215	0.0332112	95.5289	640.391	1.68513	30050	170.939	130317	2248.69
20	184	0.0502856	95.2546	634.092	1.09536	70786.2	300.192	66212.7	4920.74
20	217	0.0504162	94.5486	638.94	1.08069	70615.1	298.179	66138.2	4913.57
20	220	0.0504539	93.657	632.49	1.107	70567.9	295.617	65979.3	4884.07
20	212	0.0505065	95.6987	628.41	1.10165	70530.9	296.498	65677.7	4917.99
20	192	0.05051	95.4753	631.881	1.10586	70369	294.245	65314.4	4982.93
20	191	0.0506557	95.4988	629.996	1.08906	70473.3	295.758	65910.8	4943.34
20	186	0.050718	95.0485	640.251	1.11281	70950.4	295.345	65361.6	4942.71
20	211	0.0508395	97.0139	633.487	1.10367	70251.3	292.298	64940.8	5014.52
